kdduan: -32243.539063
CASEMANAGER_1: 32243.539063
